[ 0.05],
[ 0.24],
[ 0.28],
[ 0.34],
[ 0.27],
[ 0.39],
[ 0.41],
[ 0.54],
[ 0.55],
[ 0.75],
[ 0.84],
[ 0.85],
[ 0.85],
[ 0.38],
[ 0.86],
[ 0.83],
[ 0.99],
[ 1.0],
[ 1.34],
[ 1.57],
[ 1.42],
[ 1.42],
[ 1.46],
[ 1.45],
[ 1.61],
[ 1.76],
[ 2.01],
[ 2.12],
[ 2.32],
[ 2.37],
[ 2.43],
[ 2.65],
[ 2.7],
[ 2.85],
[ 2.93],
[ 3.16],
[ 3.25],
[ 3.42],
[ 3.6],
[ 3.63],
[ 3.73],
[ 3.73],
[ 3.94],
[ 3.9],
[ 4.11],
[ 4.13],
[ 4.3],
[ 4.51],
[ 4.58],
[ 4.84],
[ 4.76],
[ 5.24],
[ 5.07],
[ 5.25],
[ 5.23],
[ 5.67],
[ 5.64],
[ 5.46],
[ 5.43],
[ 5.61],
[ 5.74],
[ 5.76],
[ 5.66],
[ 5.6],
[ 5.8],
[ 5.51],
[ 5.64],
[ 5.05],
[ 5.52],
[ 5.95],
[ 5.78],
[ 5.92],
[ 5.25],
[ 5.77],
[ 5.45],
[ 5.65],
[ 6.1],
[ 6.22],
[ 5.66],
[ 5.96],
[ 6.25],
[ 6.26],
[ 6.25],
[ 6.65],
[ 6.52],
[ 6.21],
[ 6.41],
[ 6.11],
[ 6.24],
[ 6.28],
[ 6.37],
[ 6.71],
[ 6.45],
[ 6.3],
[ 6.2],
[ 6.39],
[ 6.42],
[ 6.36],
[ 6.45],
[ 6.06],
[ 6.53],
[ 6.3],
[ 6.55],
[ 6.4],
[ 6.53],
[ 6.48],
[ 6.45],
[ 6.34],
[ 6.45],
[ 6.61],
[ 6.48],
[ 6.56],
[ 6.46],
[ 6.44],
[ 6.28],
[ 6.42],
[ 6.44],
[ 6.28],
[ 6.25],
[ 6.43],
[ 6.25],
[ 6.44],
[ 6.2],
[ 6.52],
[ 6.19],
[ 5.86],
[ 6.43],
[ 6.27],
[ 6.23],
[ 6.15],
[ 6.34],
[ 6.32],
[ 6.37],
[ 6.13],
[ 6.5],
[ 6.42],
[ 6.48],
[ 6.71],
[ 6.42],
[ 6.33],
[ 6.51],
[ 6.48],
[ 6.16],
[ 6.53],
[ 6.45],
[ 6.32],
[ 6.57],
[ 6.48],
[ 6.39],
[ 6.36],
[ 6.52],
[ 6.42],
[ 6.73],
[ 6.63],
[ 6.48],
[ 6.55],
[ 6.61],
[ 6.52],
[ 6.62],
[ 6.48],
[ 6.82],
[ 6.72],
[ 6.4],
[ 6.51],
[ 6.48],
[ 6.24],
[ 6.6],
[ 6.52],
[ 6.32],
[ 6.43],
[ 6.61],
[ 6.61],
[ 6.68],
[ 6.65],
[ 6.29],
[ 6.47],
[ 6.84],
[ 6.53],
[ 6.59],
[ 6.79],
[ 7.06],
[ 6.68],
[ 6.65],
[ 6.65],
[ 6.81],
[ 6.66],
[ 6.57],
[ 6.79],
[ 6.77],
[ 6.75],
[ 6.69],
[ 6.76],
[ 6.79],
[ 6.55],
[ 6.92],
[ 6.82],
[ 6.65],
[ 6.79],
[ 6.82],
[ 6.93],
[ 6.85],
[ 6.99],
[ 6.67],
[ 6.89],
[ 6.93],
[ 6.93],
[ 7.0],
[ 6.97],
[ 7.09],
[ 6.96],
[ 6.94],
[ 6.91],
[ 6.89],
[ 6.48],
[ 6.95],
[ 6.99],
[ 6.77],
[ 6.73],
[ 6.81],
[ 7.07],
[ 7.08],
[ 7.15],
[ 7.03],
[ 6.81],
[ 7.22],
[ 6.98],
[ 7.04],
[ 7.03],
[ 6.66],
[ 7.39],
[ 7.21],
[ 7.03],
[ 7.15],
[ 7.15],
[ 7.35],
[ 7.17],
[ 7.3],
[ 7.02],
[ 7.04],
[ 7.16],
[ 7.02],
[ 6.95],
[ 6.99],
[ 6.77],
[ 7.04],
[ 6.86],
[ 7.15],
[ 6.99],
[ 7.13],
[ 7.09],
[ 7.25],
[ 6.94],
[ 7.13],
[ 7.13],
[ 7.1],
[ 7.04],
[ 7.27],
[ 6.98],
[ 7.16],
[ 7.24],
[ 7.05],
[ 6.9],
[ 7.03],
[ 6.92],
[ 7.169],
[ 7.29],
[ 7.2],
[ 6.84],
[ 7.2],
[ 7.29],
[ 7.12],
[ 7.0],
[ 7.0],
[ 6.95],
[ 6.85],
[ 7.22],
[ 7.41],
[ 7.4],
[ 7.27],
[ 7.13],
[ 7.07],
[ 7.35],
[ 7.04],
[ 7.15],
[ 7.2],
[ 7.08],
[ 7.2],
[ 7.47],
[ 7.51],
[ 7.23],
[ 7.22],
[ 7.21],
[ 7.27],
[ 7.35],
[ 7.41],
[ 7.21],
[ 7.39],
[ 7.56],
[ 7.34],
[ 7.49],
[ 7.27],
[ 7.51],
[ 7.4],
[ 7.42],
[ 7.28],
[ 7.26],
[ 7.28],
[ 7.35],
[ 7.45],
[ 7.41],
[ 7.5],
[ 7.45],
[ 7.36],
[ 7.46],
[ 7.22],
[ 7.43],
[ 7.56],
[ 7.43],
[ 7.33],
[ 7.36],
[ 7.48],
[ 7.19],
[ 7.57],
[ 7.39],
[ 7.32],
[ 7.36],
[ 7.31],
[ 7.2],
[ 7.31],
[ 7.45],
[ 7.32],
[ 7.19],
[ 7.45],
[ 7.35],
[ 7.16],
[ 7.46],
[ 7.42],
[ 7.67],
[ 7.46],
[ 7.29],
[ 7.41],
[ 7.36],
[ 7.35],
[ 7.52],
[ 7.27],
[ 7.52],
[ 7.27],
[ 7.37],
[ 7.53],
[ 7.46],
[ 7.23],
[ 7.27],
[ 7.21],
[ 7.64],
[ 7.57],
[ 7.54],
[ 7.28],
[ 7.6],
[ 7.61],
[ 7.42],
[ 7.56],
[ 7.41],
[ 7.36],
[ 7.26],
[ 7.45],
[ 7.74],
[ 7.48],
[ 7.51],
[ 7.41],
[ 7.69],
[ 7.5],
[ 7.45],
[ 7.3],
[ 7.25],
[ 7.55],
[ 7.26],
[ 7.37],
[ 7.5],
[ 7.53],
[ 7.6],
[ 7.53],
[ 7.52],
[ 7.59],
[ 7.28],
[ 7.46],
[ 7.45],
[ 7.63],
[ 7.69],
[ 7.76],
[ 7.46],
[ 7.46],
[ 7.55],
[ 7.64],
[ 7.48],
[ 7.71],
[ 7.62],
[ 7.57],
[ 7.48],
[ 7.43],
[ 7.56],
[ 7.5],
[ 7.75],
[ 7.34],
[ 7.4],
[ 7.21],
[ 7.36],
[ 7.38],
[ 7.5],
[ 7.6],
[ 7.57],
[ 7.59],
[ 7.37],
[ 7.7],
[ 7.3],
[ 7.41],
[ 7.36],
[ 7.73],
[ 7.43],
[ 7.65],
[ 7.51],
[ 7.49],
[ 7.37],
[ 7.35],
[ 7.27],
[ 7.43],
[ 7.38],
[ 7.51],
[ 7.4],
[ 7.36],
[ 7.55],
[ 7.59],
[ 7.51],
[ 7.44],
[ 7.37],
[ 7.58],
[ 7.48],
[ 7.36],
[ 7.41],
[ 7.3],
[ 7.5],
[ 7.48],
[ 7.37],
[ 7.38],
[ 7.62],
[ 7.51],
[ 7.41],
[ 7.45],
[ 7.39],
[ 7.69],
[ 7.45],
[ 7.66],
[ 7.58],
[ 7.5],
[ 7.56],
[ 7.54],
[ 7.63],
[ 7.48],
[ 7.35],
[ 7.57],
[ 7.58],
[ 7.39],
[ 7.5],
[ 7.25],
[ 7.51],
[ 7.35],
[ 7.31],
[ 7.5],
[ 7.61],
[ 7.42],
[ 7.55],
[ 7.31],
[ 7.58],
[ 7.46],
[ 7.39],
[ 7.22],
[ 7.52],
[ 7.62],
[ 7.45],
[ 7.3],
[ 7.44],
[ 7.39],
[ 7.61],
[ 7.55],
[ 7.6],
[ 7.5],
[ 7.51],
[ 7.78],
[ 7.69],
[ 7.48],
[ 7.17],
[ 7.41],
[ 7.51],
[ 7.42],
[ 7.42],
[ 7.56],
[ 7.38],
[ 7.54],
[ 7.71],
[ 7.66],
[ 7.31],
[ 7.59],
[ 7.42],
[ 7.5],
[ 7.54],
[ 7.66],
[ 7.65],
[ 7.44],
[ 7.45],
[ 7.59],
[ 7.68],
[ 7.34],
[ 7.46],
[ 7.49],
[ 7.39]